	T [st.C]  T[K]       T[st.F]
	-40     -313.15     -40.0
	-39     -312.15     -38.2
	-38     -311.15     -36.4
	-37     -310.15     -34.6
	-36     -309.15     -32.8
	-35     -308.15     -31.0
	-34     -307.15     -29.2
	-33     -306.15     -27.4
	-32     -305.15     -25.6
	-31     -304.15     -23.8
	-30     -303.15     -22.0
	-29     -302.15     -20.2
	-28     -301.15     -18.4
	-27     -300.15     -16.6
	-26     -299.15     -14.8
	-25     -298.15     -13.0
	-24     -297.15     -11.2
	-23     -296.15      -9.4
	-22     -295.15      -7.6
	-21     -294.15      -5.8
	-20     -293.15      -4.0
	-19     -292.15      -2.2
	-18     -291.15      -0.4
	-17     -290.15       1.4
	-16     -289.15       3.2
	-15     -288.15       5.0
	-14     -287.15       6.8
	-13     -286.15       8.6
	-12     -285.15      10.4
	-11     -284.15      12.2
	-10     -283.15      14.0
	 -9     -282.15      15.8
	 -8     -281.15      17.6
	 -7     -280.15      19.4
	 -6     -279.15      21.2
	 -5     -278.15      23.0
	 -4     -277.15      24.8
	 -3     -276.15      26.6
	 -2     -275.15      28.4
	 -1     -274.15      30.2
	  0     -273.15      32.0
	  1     -272.15      33.8
	  2     -271.15      35.6
	  3     -270.15      37.4
	  4     -269.15      39.2
	  5     -268.15      41.0
	  6     -267.15      42.8
	  7     -266.15      44.6
	  8     -265.15      46.4
	  9     -264.15      48.2
	 10     -263.15      50.0
	 11     -262.15      51.8
	 12     -261.15      53.6
	 13     -260.15      55.4
	 14     -259.15      57.2
	 15     -258.15      59.0
	 16     -257.15      60.8
	 17     -256.15      62.6
	 18     -255.15      64.4
	 19     -254.15      66.2
	 20     -253.15      68.0
